0	0.01541899
0.1	0.01541899
0.101001	0.01542366
0.102002	0.01543094
0.103003	0.01544092
0.104004	0.01545356
0.105005	0.01546741
0.106006	0.01547973
0.107007	0.01549035
0.108008	0.01549907
0.109009	0.01550588
0.11001	0.0155118
0.111011	0.01551758
0.112012	0.01552313
0.113013	0.01552833
0.114014	0.01553296
0.115015	0.01553356
0.116016	0.01552897
0.117017	0.01551885
0.118018	0.01550293
0.119019	0.01548101
0.12002	0.01545692
0.121021	0.01543055
0.122022	0.01540183
0.123023	0.01537058
0.124024	0.01533564
0.125025	0.01529372
0.126026	0.01524452
0.127027	0.01518775
0.128028	0.01512328
0.129029	0.01505185
0.13003	0.01497436
0.131031	0.01489069
0.132032	0.01480069
0.133033	0.01470411
0.134034	0.01460089
0.135035	0.01449097
0.136036	0.01437435
0.137037	0.01425104
0.138038	0.0141212
0.139039	0.01398285
0.14004	0.01383572
0.141041	0.01367967
0.142042	0.0135145
0.143043	0.01334091
0.144044	0.01316443
0.145045	0.01298546
0.146046	0.0128044
0.147047	0.01262184
0.148048	0.01243597
0.149049	0.01224296
0.15005	0.01204285
0.151051	0.01183569
0.152052	0.01162141
0.153053	0.01140256
0.1540541	0.01118115
0.1550551	0.01095752
0.1560561	0.01073204
0.1570571	0.01050505
0.1580581	0.01027522
0.1590591	0.01004239
0.1600601	0.009806762
0.1610611	0.009568574
0.1620621	0.009328169
0.1630631	0.009089892
0.1640641	0.008854232
0.1650651	0.008621676
0.1660661	0.008392711
0.1670671	0.008166725
0.1680681	0.007940944
0.1690691	0.007715551
0.1700701	0.007490711
0.1710711	0.007266572
0.1720721	0.007045381
0.1730731	0.006829457
0.1740741	0.006619197
0.1750751	0.006414989
0.1760761	0.006217208
0.1770771	0.006023256
0.1780781	0.005832077
0.1790791	0.005643699
0.1800801	0.005458126
0.1810811	0.005275345
0.1820821	0.005099123
0.1830831	0.004930019
0.1840841	0.004768261
0.1850851	0.004614061
0.1860861	0.004467372
0.1870871	0.004326738
0.1880881	0.004192183
0.1890891	0.004063685
0.1900901	0.003941212
0.1910911	0.003825376
0.1920921	0.003717399
0.1930931	0.003617394
0.1940941	0.003525459
0.1950951	0.003441684
0.1960961	0.003370169
0.1970971	0.00331373
0.1980981	0.003272839
0.1990991	0.003247971
0.2001001	0.003239608
0.2011011	0.003246414
0.2021021	0.003268362
0.2031031	0.003305798
0.2041041	0.003359062
0.2051051	0.003428632
0.2061061	0.003519084
0.2071071	0.00363103
0.2081081	0.003765039
0.2091091	0.003921671
0.2101101	0.004105047
0.2111111	0.004327077
0.2121121	0.004589328
0.2131131	0.004893376
0.2141141	0.005240802
0.2151151	0.005635404
0.2161161	0.006081752
0.2171171	0.006581715
0.2181181	0.00713715
0.2191191	0.007749897
0.2201201	0.008445092
0.2211211	0.009233864
0.2221221	0.01012012
0.2231231	0.01110777
0.2241241	0.01220072
0.2251251	0.01340901
0.2261261	0.01473718
0.2271271	0.01618947
0.2281281	0.01777004
0.2291291	0.01948057
0.2301301	0.02131237
0.2311311	0.02326827
0.2321321	0.02535092
0.2331331	0.02756278
0.2341341	0.02990995
0.2351351	0.03240129
0.2361361	0.03503938
0.2371371	0.03782656
0.2381381	0.04076495
0.2391391	0.04384686
0.2401401	0.0470661
0.2411411	0.05042277
0.2421421	0.05391669
0.2431431	0.05754735
0.2441441	0.06130444
0.2451451	0.06518339
0.2461461	0.06918191
0.2471471	0.07329741
0.2481481	0.07752775
0.2491491	0.08187895
0.2501501	0.08634818
0.2511511	0.0909323
0.2521521	0.09562794
0.2531531	0.1004296
0.2541541	0.1053287
0.2551551	0.1103207
0.2561561	0.1154009
0.2571571	0.1205648
0.2581581	0.1257982
0.2591591	0.1310859
0.2601601	0.1364216
0.2611611	0.1417988
0.2621621	0.1472109
0.2631632	0.1526498
0.2641642	0.1581082
0.2651652	0.1635792
0.2661662	0.1690565
0.2671672	0.1745335
0.2681682	0.1800004
0.2691692	0.1854504
0.2701702	0.1908772
0.2711712	0.1962746
0.2721722	0.2016349
0.2731732	0.2069452
0.2741742	0.2121993
0.2751752	0.2173916
0.2761762	0.2225164
0.2771772	0.2275695
0.2781782	0.2325472
0.2791792	0.237445
0.2801802	0.2422588
0.2811812	0.2469848
0.2821822	0.251618
0.2831832	0.2561544
0.2841842	0.2605911
0.2851852	0.2649254
0.2861862	0.2691551
0.2871872	0.2732731
0.2881882	0.2772761
0.2891892	0.2811626
0.2901902	0.2849312
0.2911912	0.2885809
0.2921922	0.2921109
0.2931932	0.2955208
0.2941942	0.2988104
0.2951952	0.3019798
0.2961962	0.3050286
0.2971972	0.307956
0.2981982	0.3107626
0.2991992	0.3134494
0.3002002	0.3160175
0.3012012	0.3184692
0.3022022	0.3208065
0.3032032	0.3230314
0.3042042	0.325146
0.3052052	0.3271523
0.3062062	0.329048
0.3072072	0.3308334
0.3082082	0.3325106
0.3092092	0.3340817
0.3102102	0.3355491
0.3112112	0.336912
0.3122122	0.3381723
0.3132132	0.3393323
0.3142142	0.3403945
0.3152152	0.3413623
0.3162162	0.3422433
0.3172172	0.3430404
0.3182182	0.3437565
0.3192192	0.3443944
0.3202202	0.3449556
0.3212212	0.3454402
0.3222222	0.3458508
0.3232232	0.3461898
0.3242242	0.3464595
0.3252252	0.3466637
0.3262262	0.3468051
0.3272272	0.3468864
0.3282282	0.3469099
0.3292292	0.3468781
0.3302302	0.3467938
0.3312312	0.3466595
0.3322322	0.3464773
0.3332332	0.3462494
0.3342342	0.3459778
0.3352352	0.3456628
0.3362362	0.3453065
0.3372372	0.3449106
0.3382382	0.3444767
0.3392392	0.3440066
0.3402402	0.3435014
0.3412412	0.3429627
0.3422422	0.3423922
0.3432432	0.3417912
0.3442442	0.3411624
0.3452452	0.3405084
0.3462462	0.3398307
0.3472472	0.3391308
0.3482482	0.3384098
0.3492492	0.3376665
0.3502502	0.3369013
0.3512512	0.3361151
0.3522522	0.3353086
0.3532532	0.3344826
0.3542542	0.3336378
0.3552552	0.3327749
0.3562562	0.3318945
0.3572572	0.3309972
0.3582582	0.3300842
0.3592592	0.3291599
0.3602602	0.3282248
0.3612612	0.32728
0.3622622	0.3263258
0.3632632	0.3253631
0.3642642	0.3243929
0.3652653	0.3234158
0.3662663	0.3224322
0.3672673	0.3214428
0.3682683	0.320448
0.3692693	0.3194484
0.3702703	0.3184445
0.3712713	0.3174368
0.3722723	0.3164258
0.3732733	0.3154137
0.3742743	0.3144016
0.3752753	0.31339
0.3762763	0.3123795
0.3772773	0.3113703
0.3782783	0.3103594
0.3792793	0.309347
0.3802803	0.3083335
0.3812813	0.3073189
0.3822823	0.3063029
0.3832833	0.305284
0.3842843	0.3042623
0.3852853	0.3032378
0.3862863	0.3022104
0.3872873	0.301179
0.3882883	0.3001426
0.3892893	0.2991008
0.3902903	0.2980534
0.3912913	0.2970001
0.3922923	0.2959404
0.3932933	0.2948741
0.3942943	0.2938007
0.3952953	0.2927199
0.3962963	0.2916313
0.3972973	0.2905384
0.3982983	0.2894414
0.3992993	0.2883401
0.4003003	0.2872343
0.4013013	0.2861226
0.4023023	0.2849999
0.4033033	0.2838658
0.4043043	0.2827196
0.4053053	0.2815609
0.4063063	0.2803899
0.4073073	0.2792072
0.4083083	0.2780125
0.4093093	0.2768055
0.4103103	0.2755859
0.4113113	0.2743561
0.4123123	0.2731178
0.4133133	0.2718711
0.4143143	0.2706159
0.4153153	0.2693525
0.4163163	0.2680809
0.4173173	0.2668014
0.4183183	0.2655143
0.4193193	0.2642197
0.4203203	0.262918
0.4213213	0.2616076
0.4223223	0.2602888
0.4233233	0.2589618
0.4243243	0.2576269
0.4253253	0.2562856
0.4263263	0.2549414
0.4273273	0.2535949
0.4283283	0.2522468
0.4293293	0.2508977
0.4303303	0.2495448
0.4313313	0.2481858
0.4323323	0.246821
0.4333333	0.2454506
0.4343343	0.2440748
0.4353353	0.2426956
0.4363363	0.2413137
0.4373373	0.2399297
0.4383383	0.2385437
0.4393393	0.2371562
0.4403403	0.2357738
0.4413413	0.2343972
0.4423423	0.2330274
0.4433433	0.2316648
0.4443443	0.2303087
0.4453453	0.2289525
0.4463463	0.2275963
0.4473473	0.22624
0.4483483	0.2248836
0.4493493	0.2235278
0.4503503	0.2221737
0.4513513	0.2208213
0.4523523	0.2194706
0.4533533	0.2181216
0.4543543	0.2167786
0.4553553	0.215444
0.4563563	0.2141181
0.4573573	0.2128013
0.4583583	0.2114938
0.4593593	0.2101885
0.4603603	0.2088844
0.4613613	0.207581
0.4623623	0.2062782
0.4633633	0.2049759
0.4643643	0.2036755
0.4653654	0.2023769
0.4663664	0.2010799
0.4673674	0.1997842
0.4683684	0.1984916
0.4693694	0.1972066
0.4703704	0.1959292
0.4713714	0.1946596
0.4723724	0.1933982
0.4733734	0.1921408
0.4743744	0.1908833
0.4753754	0.1896254
0.4763764	0.1883667
0.4773774	0.1871068
0.4783784	0.1858483
0.4793794	0.1845922
0.4803804	0.1833384
0.4813814	0.1820868
0.4823824	0.1808373
0.4833834	0.1795923
0.4843844	0.1783517
0.4853854	0.1771157
0.4863864	0.1758843
0.4873874	0.1746564
0.4883884	0.1734267
0.4893894	0.1721951
0.4903904	0.1709612
0.4913914	0.1697247
0.4923924	0.1684863
0.4933934	0.1672471
0.4943944	0.1660069
0.4953954	0.1647655
0.4963964	0.1635226
0.4973974	0.1622822
0.4983984	0.1610467
0.4993994	0.1598163
0.5004004	0.1585913
0.5014014	0.157372
0.5024024	0.1561532
0.5034034	0.1549335
0.5044044	0.1537131
0.5054054	0.1524916
0.5064064	0.1512691
0.5074074	0.1500455
0.5084084	0.1488208
0.5094094	0.1475947
0.5104104	0.1463673
0.5114114	0.1451398
0.5124124	0.1439152
0.5134134	0.1426936
0.5144144	0.1414752
0.5154154	0.1402601
0.5164164	0.1390451
0.5174174	0.1378271
0.5184184	0.1366058
0.5194194	0.1353811
0.5204204	0.1341526
0.5214214	0.1329187
0.5224224	0.1316785
0.5234234	0.1304317
0.5244244	0.1291777
0.5254254	0.1279161
0.5264264	0.1266482
0.5274274	0.1253736
0.5284284	0.1240921
0.5294294	0.1228034
0.5304304	0.1215065
0.5314314	0.1201995
0.5324324	0.1188821
0.5334334	0.1175537
0.5344344	0.116214
0.5354354	0.1148627
0.5364364	0.1134997
0.5374374	0.1121245
0.5384384	0.1107369
0.5394394	0.1093363
0.5404404	0.1079225
0.5414414	0.1064949
0.5424424	0.1050534
0.5434434	0.1035977
0.5444444	0.1021275
0.5454454	0.1006444
0.5464464	0.09914836
0.5474474	0.09763954
0.5484484	0.09611799
0.5494494	0.09458414
0.5504504	0.09304232
0.5514514	0.091493
0.5524524	0.08993664
0.5534534	0.08837373
0.5544544	0.08680473
0.5554554	0.08523001
0.5564564	0.08365019
0.5574574	0.0820659
0.5584584	0.08047785
0.5594594	0.07888799
0.5604604	0.07729793
0.5614614	0.07570862
0.5624624	0.07412098
0.5634634	0.07253598
0.5644644	0.07095647
0.5654655	0.0693841
0.5664665	0.06781995
0.5674675	0.06626508
0.5684685	0.06472056
0.5694695	0.06318518
0.5704705	0.06165979
0.5714715	0.06014529
0.5724725	0.05864251
0.5734735	0.0571527
0.5744745	0.05567825
0.5754755	0.05422004
0.5764765	0.0527789
0.5774775	0.05135562
0.5784785	0.04995094
0.5794795	0.0485657
0.5804805	0.04720047
0.5814815	0.04585577
0.5824825	0.04453205
0.5834835	0.04323127
0.5844845	0.04195445
0.5854855	0.04070204
0.5864865	0.03947441
0.5874875	0.0382719
0.5884885	0.03709068
0.5894895	0.03593028
0.5904905	0.03479058
0.5914915	0.03367139
0.5924925	0.03257325
0.5934935	0.03150174
0.5944945	0.03045692
0.5954955	0.0294388
0.5964965	0.0284473
0.5974975	0.02748098
0.5984985	0.02653674
0.5994995	0.02561416
0.6005005	0.02471275
0.6015015	0.023832
0.6025025	0.02297359
0.6035035	0.02213895
0.6045045	0.02132783
0.6055055	0.02053992
0.6065065	0.01977492
0.6075075	0.01903107
0.6085085	0.01830747
0.6095095	0.0176036
0.6105105	0.01691895
0.6115115	0.01625298
0.6125125	0.01560527
0.6135135	0.01497533
0.6145145	0.0143626
0.6155155	0.01376655
0.6165165	0.0131877
0.6175175	0.0126287
0.6185185	0.01208932
0.6195195	0.01156936
0.6205205	0.0110686
0.6215215	0.01058497
0.6225225	0.01011589
0.6235235	0.009660875
0.6245245	0.009219469
0.6255255	0.008791203
0.6265265	0.008378401
0.6275275	0.007982254
0.6285285	0.007602594
0.6295295	0.007239268
0.6305305	0.006892126
0.6315315	0.006561069
0.6325325	0.006245974
0.6335335	0.005946718
0.6345345	0.005663182
0.6355355	0.005395242
0.6365365	0.005142668
0.6375375	0.004905343
0.6385385	0.004683163
0.6395395	0.004476024
0.6405405	0.004283803
0.6415415	0.004106219
0.6425425	0.00394318
0.6435435	0.003794581
0.6445445	0.003660313
0.6455455	0.003540255
0.6465465	0.003434284
0.6475475	0.003342257
0.6485485	0.003264021
0.6495495	0.003199414
0.6505506	0.003148202
0.6515516	0.003110166
0.6525526	0.003085123
0.6535536	0.003072876
0.6545546	0.003073215
0.6555556	0.003085847
0.6565566	0.003110528
0.6575576	0.003147027
0.6585586	0.003195096
0.6595596	0.0032549
0.6605606	0.003328085
0.6615616	0.003414515
0.6625626	0.003514048
0.6635636	0.003626539
0.6645646	0.003750729
0.6655656	0.003885203
0.6665666	0.004029668
0.6675676	0.004183826
0.6685686	0.00434737
0.6695696	0.004519989
0.6705706	0.004701369
0.6715716	0.004891189
0.6725726	0.005089122
0.6735736	0.005294842
0.6745746	0.00550987
0.6755756	0.005734191
0.6765766	0.005967635
0.6775776	0.006210034
0.6785786	0.006460764
0.6795796	0.006716016
0.6805806	0.006975342
0.6815816	0.007238272
0.6825826	0.007504338
0.6835836	0.007773718
0.6845846	0.008047241
0.6855856	0.008324624
0.6865866	0.008605589
0.6875876	0.008889861
0.6885886	0.009179829
0.6895896	0.009477125
0.6905906	0.009781757
0.6915916	0.01009376
0.6925926	0.01041316
0.6935936	0.01073645
0.6945946	0.01106263
0.6955956	0.01139151
0.6965966	0.01172294
0.6975976	0.01205678
0.6985986	0.01239501
0.6995996	0.01273763
0.7006006	0.01308461
0.7016016	0.01343593
0.7026026	0.01379109
0.7036036	0.01414843
0.7046046	0.01450781
0.7056056	0.01486909
0.7066066	0.01523213
0.7076076	0.01559676
0.7086086	0.01596271
0.7096096	0.01632987
0.7106106	0.01669813
0.7116116	0.01706737
0.7126126	0.01743898
0.7136136	0.0178138
0.7146146	0.01819185
0.7156156	0.01857313
0.7166166	0.01895766
0.7176176	0.01934121
0.7186186	0.01972325
0.7196196	0.02010352
0.7206206	0.02048174
0.7216216	0.02085829
0.7226226	0.02123649
0.7236236	0.02161634
0.7246246	0.02199784
0.7256256	0.02238101
0.7266266	0.02276512
0.7276276	0.02314881
0.7286286	0.02353198
0.7296296	0.0239145
0.7306306	0.02429626
0.7316316	0.02467593
0.7326326	0.02505238
0.7336336	0.02542534
0.7346346	0.02579457
0.7356356	0.0261598
0.7366366	0.02652246
0.7376376	0.02688294
0.7386386	0.02724113
0.7396396	0.02759694
0.7406406	0.02795029
0.7416416	0.02830097
0.7426426	0.0286489
0.7436436	0.02899402
0.7446446	0.02933628
0.7456456	0.02967451
0.7466466	0.03000563
0.7476476	0.03032932
0.7486486	0.0306453
0.7496496	0.03095327
0.7506507	0.03125487
0.7516517	0.03155202
0.7526527	0.03184473
0.7536537	0.03213301
0.7546547	0.03241689
0.7556557	0.03269508
0.7566567	0.03296692
0.7576577	0.03323234
0.7586587	0.03349127
0.7596597	0.03374363
0.7606607	0.0339894
0.7616617	0.03422852
0.7626627	0.03446097
0.7636637	0.03468672
0.7646647	0.03490537
0.7656657	0.03511515
0.7666667	0.03531593
0.7676677	0.03550761
0.7686687	0.03569007
0.7696697	0.03586487
0.7706707	0.03603465
0.7716717	0.03619957
0.7726727	0.03635982
0.7736737	0.0365156
0.7746747	0.03666461
0.7756757	0.03680522
0.7766767	0.03693742
0.7776777	0.03706118
0.7786787	0.03717647
0.7796797	0.03728649
0.7806807	0.03739218
0.7816817	0.03749382
0.7826827	0.03759175
0.7836837	0.0376862
0.7846847	0.03777361
0.7856857	0.03785403
0.7866867	0.03792749
0.7876877	0.03799402
0.7886887	0.03805455
0.7896897	0.03811233
0.7906907	0.03816766
0.7916917	0.03822088
0.7926927	0.03827231
0.7936937	0.03832015
0.7946947	0.03836267
0.7956957	0.03839991
0.7966967	0.03843192
0.7976977	0.03845872
0.7986987	0.03848333
0.7996997	0.03850708
0.8007007	0.03853027
0.8017017	0.0385532
0.8027027	0.03857616
0.8037037	0.03859557
0.8047047	0.03861115
0.8057057	0.03862293
0.8067067	0.03863091
0.8077077	0.03863567
0.8087087	0.03864094
0.8097097	0.03864696
0.8107107	0.03865397
0.8117117	0.0386622
0.8127127	0.03867043
0.8137137	0.03867592
0.8147147	0.03867863
0.8157157	0.03867853
0.8167167	0.03867556
0.8177177	0.03867104
0.8187187	0.03866577
0.8197197	0.0386598
0.8207207	0.03865318
0.8217217	0.03864593
0.8227227	0.03863633
0.8237237	0.03862398
0.8247247	0.03860876
0.8257257	0.03859053
0.8267267	0.03856939
0.8277277	0.03854921
0.8287287	0.03853012
0.8297297	0.03851228
0.8307307	0.03849587
0.8317317	0.03847992
0.8327327	0.03846137
0.8337337	0.03844011
0.8347347	0.03841602
0.8357357	0.03838898
0.8367367	0.03835994
0.8377377	0.0383301
0.8387387	0.03829948
0.8397397	0.03826809
0.8407407	0.03823594
0.8417417	0.0382015
0.8427427	0.03816387
0.8437437	0.03812298
0.8447447	0.03807871
0.8457457	0.03803096
0.8467467	0.03798185
0.8477477	0.0379315
0.8487487	0.03787994
0.8497497	0.03782721
0.8507508	0.03777262
0.8517518	0.03771273
0.8527528	0.0376473
0.8537538	0.03757612
0.8547548	0.03749895
0.8557558	0.03741639
0.8567568	0.03732956
0.8577578	0.03723837
0.8587588	0.03714272
0.8597598	0.03704251
0.8607608	0.03693887
0.8617618	0.03683257
0.8627628	0.03672372
0.8637638	0.03661241
0.8647648	0.03649877
0.8657658	0.03638131
0.8667668	0.03625967
0.8677678	0.03613382
0.8687688	0.03600373
0.8697698	0.0358694
0.8707708	0.03573069
0.8717718	0.03558757
0.8727728	0.03544008
0.8737738	0.03528824
0.8747748	0.03513212
0.8757758	0.03497192
0.8767768	0.03480769
0.8777778	0.03463943
0.8787788	0.03446721
0.8797798	0.03429209
0.8807808	0.03411513
0.8817818	0.03393653
0.8827828	0.03375654
0.8837838	0.03357538
0.8847848	0.03339037
0.8857858	0.03320041
0.8867868	0.03300543
0.8877878	0.03280537
0.8887888	0.03260015
0.8897898	0.03239153
0.8907908	0.03217971
0.8917918	0.03196476
0.8927928	0.03174678
0.8937938	0.03152638
0.8947948	0.03130762
0.8957958	0.03109084
0.8967968	0.03087642
0.8977978	0.03066472
0.8987988	0.03045425
0.8997998	0.03024267
0.9008008	0.03003007
0.9018018	0.02981657
0.9028028	0.02960227
0.9038038	0.02939001
0.9048048	0.02918171
0.9058058	0.02897773
0.9068068	0.0287784
0.9078078	0.02858409
0.9088088	0.0283915
0.9098098	0.02820003
0.9108108	0.02800976
0.9118118	0.0278207
0.9128128	0.02763309
0.9138138	0.0274511
0.9148148	0.02727502
0.9158158	0.02710513
0.9168168	0.0269417
0.9178178	0.02678391
0.9188188	0.02662856
0.9198198	0.02647561
0.9208208	0.02632504
0.9218218	0.02617677
0.9228228	0.02603199
0.9238238	0.02589177
0.9248248	0.02575612
0.9258258	0.02562505
0.9268268	0.02549854
0.9278278	0.02537491
0.9288288	0.02525347
0.9298298	0.02513403
0.9308308	0.02501641
0.9318318	0.02490039
0.9328328	0.02478581
0.9338338	0.02467247
0.9348348	0.02456011
0.9358358	0.02444847
0.9368368	0.02433799
0.9378378	0.02423189
0.9388388	0.0241302
0.9398398	0.02403293
0.9408408	0.02394014
0.9418418	0.02385033
0.9428428	0.02376089
0.9438438	0.0236716
0.9448448	0.02358218
0.9458458	0.0234924
0.9468468	0.0234032
0.9478478	0.02331526
0.9488488	0.02322852
0.9498498	0.0231429
0.9508509	0.02305835
0.9518519	0.02297476
0.9528529	0.02289205
0.9538539	0.02281022
0.9548549	0.02272924
0.9558559	0.02264893
0.9568569	0.02256742
0.9578579	0.02248458
0.9588589	0.02240028
0.9598599	0.02231437
0.9608609	0.02222796
0.9618619	0.02214402
0.9628629	0.02206271
0.9638639	0.0219842
0.9648649	0.02190869
0.9658659	0.02183426
0.9668669	0.02175883
0.9678679	0.02168232
0.9688689	0.02160465
0.9698699	0.02152573
0.9708709	0.02144692
0.9718719	0.02136881
0.9728729	0.02129147
0.9738739	0.02121496
0.9748749	0.02113931
0.9758759	0.0210605
0.9768769	0.02097832
0.9778779	0.0208925
0.9788789	0.02080277
0.9798799	0.02070931
0.9808809	0.02061344
0.9818819	0.02051501
0.9828829	0.0204139
0.9838839	0.02030996
0.9848849	0.02020479
0.9858859	0.02010068
0.9868869	0.01999784
0.9878879	0.01989642
0.9888889	0.01979662
0.9898899	0.01969611
0.9908909	0.01959338
0.9918919	0.01948834
0.9928929	0.01938089
0.9938939	0.01927096
0.9948949	0.01916186
0.9958959	0.01905446
0.9968969	0.018949
0.9978979	0.01884573
0.9988989	0.01874436
0.9998999	0.01864154
1.000901	0.01853727
1.001902	0.0184315
1.002903	0.0183242
1.003904	0.01821675
1.004905	0.01811187
1.005906	0.01800982
1.006907	0.01791089
1.007908	0.01781538
1.008909	0.01772132
1.00991	0.01762702
1.010911	0.01753246
1.011912	0.01743761
1.012913	0.01734242
1.013914	0.01724995
1.014915	0.01716141
1.015916	0.01707704
1.016917	0.01699707
1.017918	0.01692174
1.018919	0.01684731
1.01992	0.01677353
1.020921	0.0167003
1.021922	0.01662752
1.022923	0.01655574
1.023924	0.01648849
1.024925	0.01642592
1.025926	0.01636819
1.026927	0.01631542
1.027928	0.01626576
1.028929	0.01621674
1.02993	0.01616819
1.030931	0.01611998
1.031932	0.0160719
1.032933	0.01602668
1.033934	0.01598583
1.034935	0.01594942
1.035936	0.0159175
1.036937	0.01589014
1.037938	0.01586367
1.038939	0.0158373
1.03994	0.01581083
1.040941	0.01578402
1.041942	0.01575695
1.042943	0.01573335
1.043944	0.01571326
1.044945	0.01569674
1.045946	0.01568385
1.046947	0.01567348
1.047948	0.01566258
1.048949	0.01565093
1.04995	0.01563831
1.050951	0.01562447
1.051952	0.01561163
1.052953	0.0156014
1.053954	0.01559386
1.054955	0.0155891
1.055956	0.01558722
1.056957	0.01558509
1.057958	0.01558175
1.058959	0.015577
1.05996	0.01557065
1.060961	0.01556249
1.061962	0.01555436
1.062963	0.0155462
1.063964	0.01553798
1.064965	0.01552964
1.065966	0.01552117
1.066967	0.0155127
1.067968	0.0155042
1.068969	0.01549561
1.06997	0.01548689
1.070971	0.01547799
1.071972	0.01546882
1.072973	0.01545935
1.073974	0.01544959
1.074975	0.01543953
1.075976	0.01542908
1.076977	0.01541816
1.077978	0.01540678
1.078979	0.01539499
1.07998	0.0153828
1.080981	0.01537036
1.081982	0.01535827
1.082983	0.01534818
1.083984	0.01534026
1.084985	0.01533466
1.085986	0.01533141
1.086987	0.01532969
1.087988	0.01532849
1.088989	0.01532786
1.08999	0.01532789
1.090991	0.01532877
1.091992	0.015332
1.092993	0.01533836
1.093994	0.01534804
1.094995	0.01536113
1.095996	0.01537769
1.096997	0.01539213
1.097998	0.01540363
1.098999	0.01541192
1.1	0.01541684
1.101001	0.01542366
1.102002	0.01543094
1.103003	0.01544092
1.104004	0.01545356
1.105005	0.01546741
1.106006	0.01547973
1.107007	0.01549035
1.108008	0.01549907
1.109009	0.01550588
1.11001	0.0155118
1.111011	0.01551758
1.112012	0.01552313
1.113013	0.01552833
1.114014	0.01553296
1.115015	0.01553356
1.116016	0.01552897
1.117017	0.01551885
1.118018	0.01550293
1.119019	0.01548101
1.12002	0.01545692
1.121021	0.01543055
1.122022	0.01540183
1.123023	0.01537058
1.124024	0.01533564
1.125025	0.01529372
1.126026	0.01524452
1.127027	0.01518775
1.128028	0.01512328
1.129029	0.01505185
1.13003	0.01497436
1.131031	0.01489069
1.132032	0.01480069
1.133033	0.01470411
1.134034	0.01460089
1.135035	0.01449097
1.136036	0.01437435
1.137037	0.01425104
1.138038	0.0141212
1.139039	0.01398285
1.14004	0.01383572
1.141041	0.01367967
1.142042	0.0135145
1.143043	0.01334091
1.144044	0.01316443
1.145045	0.01298546
1.146046	0.0128044
1.147047	0.01262184
1.148048	0.01243597
1.149049	0.01224296
1.15005	0.01204285
1.151051	0.01183569
1.152052	0.01162141
1.153053	0.01140256
1.154054	0.01118115
1.155055	0.01095752
1.156056	0.01073204
1.157057	0.01050505
1.158058	0.01027522
1.159059	0.01004239
1.16006	0.009806762
1.161061	0.009568574
1.162062	0.009328169
1.163063	0.009089892
1.164064	0.008854232
1.165065	0.008621676
1.166066	0.008392711
1.167067	0.008166725
1.168068	0.007940944
1.169069	0.007715551
1.17007	0.007490711
1.171071	0.007266572
1.172072	0.007045381
1.173073	0.006829457
1.174074	0.006619197
1.175075	0.006414989
1.176076	0.006217208
1.177077	0.006023256
1.178078	0.005832077
1.179079	0.005643699
1.18008	0.005458126
1.181081	0.005275345
1.182082	0.005099123
1.183083	0.004930019
1.184084	0.004768261
1.185085	0.004614061
1.186086	0.004467372
1.187087	0.004326738
1.188088	0.004192183
1.189089	0.004063685
1.19009	0.003941212
1.191091	0.003825376
1.192092	0.003717399
1.193093	0.003617394
1.194094	0.003525459
1.195095	0.003441684
1.196096	0.003370169
1.197097	0.00331373
1.198098	0.003272839
1.199099	0.003247971
1.2001	0.003239608
1.201101	0.003246414
1.202102	0.003268362
1.203103	0.003305798
1.204104	0.003359062
1.205105	0.003428632
1.206106	0.003519084
1.207107	0.00363103
1.208108	0.003765039
1.209109	0.003921671
1.21011	0.004105047
1.211111	0.004327077
1.212112	0.004589328
1.213113	0.004893376
1.214114	0.005240802
1.215115	0.005635404
1.216116	0.006081752
1.217117	0.006581715
1.218118	0.00713715
1.219119	0.007749897
1.22012	0.008445092
1.221121	0.009233864
1.222122	0.01012012
1.223123	0.01110777
1.224124	0.01220072
1.225125	0.01340901
1.226126	0.01473718
1.227127	0.01618947
1.228128	0.01777004
1.229129	0.01948057
1.23013	0.02131237
1.231131	0.02326827
1.232132	0.02535092
1.233133	0.02756278
1.234134	0.02990995
1.235135	0.03240129
1.236136	0.03503938
1.237137	0.03782656
1.238138	0.04076495
1.239139	0.04384686
1.24014	0.0470661
1.241141	0.05042277
1.242142	0.05391669
1.243143	0.05754735
1.244144	0.06130444
1.245145	0.06518339
1.246146	0.06918191
1.247147	0.07329741
1.248148	0.07752775
1.249149	0.08187895
1.25015	0.08634818
1.251151	0.0909323
1.252152	0.09562794
1.253153	0.1004296
1.254154	0.1053287
1.255155	0.1103207
1.256156	0.1154009
1.257157	0.1205648
1.258158	0.1257982
1.259159	0.1310859
1.26016	0.1364216
1.261161	0.1417988
1.262162	0.1472109
1.263163	0.1526498
1.264164	0.1581082
1.265165	0.1635792
1.266166	0.1690565
1.267167	0.1745335
1.268168	0.1800004
1.269169	0.1854504
1.27017	0.1908772
1.271171	0.1962746
1.272172	0.2016349
1.273173	0.2069452
1.274174	0.2121993
1.275175	0.2173916
1.276176	0.2225164
1.277177	0.2275695
1.278178	0.2325472
1.279179	0.237445
1.28018	0.2422588
1.281181	0.2469848
1.282182	0.251618
1.283183	0.2561544
1.284184	0.2605911
1.285185	0.2649254
1.286186	0.2691551
1.287187	0.2732731
1.288188	0.2772761
1.289189	0.2811626
1.29019	0.2849312
1.291191	0.2885809
1.292192	0.2921109
1.293193	0.2955208
1.294194	0.2988104
1.295195	0.3019798
1.296196	0.3050286
1.297197	0.307956
1.298198	0.3107626
1.299199	0.3134494
1.3002	0.3160175
1.301201	0.3184692
1.302202	0.3208065
1.303203	0.3230314
1.304204	0.325146
1.305205	0.3271523
1.306206	0.329048
1.307207	0.3308334
1.308208	0.3325106
1.309209	0.3340817
1.31021	0.3355491
1.311211	0.336912
1.312212	0.3381723
1.313213	0.3393323
1.314214	0.3403945
1.315215	0.3413623
1.316216	0.3422433
1.317217	0.3430404
1.318218	0.3437565
1.319219	0.3443944
1.32022	0.3449556
1.321221	0.3454402
1.322222	0.3458508
1.323223	0.3461898
1.324224	0.3464595
1.325225	0.3466637
1.326226	0.3468051
1.327227	0.3468864
1.328228	0.3469099
1.329229	0.3468781
1.33023	0.3467938
1.331231	0.3466595
1.332232	0.3464773
1.333233	0.3462494
1.334234	0.3459778
1.335235	0.3456628
1.336236	0.3453065
1.337237	0.3449106
1.338238	0.3444767
1.339239	0.3440066
1.34024	0.3435014
1.341241	0.3429627
1.342242	0.3423922
1.343243	0.3417912
1.344244	0.3411624
1.345245	0.3405084
1.346246	0.3398307
1.347247	0.3391308
1.348248	0.3384098
1.349249	0.3376665
1.35025	0.3369013
1.351251	0.3361151
1.352252	0.3353086
1.353253	0.3344826
1.354254	0.3336378
1.355255	0.3327749
1.356256	0.3318945
1.357257	0.3309972
1.358258	0.3300842
1.359259	0.3291599
1.36026	0.3282248
1.361261	0.32728
1.362262	0.3263258
1.363263	0.3253631
1.364264	0.3243929
1.365265	0.3234158
1.366266	0.3224322
1.367267	0.3214428
1.368268	0.320448
1.369269	0.3194484
1.37027	0.3184445
1.371271	0.3174368
1.372272	0.3164258
1.373273	0.3154137
1.374274	0.3144016
1.375275	0.31339
1.376276	0.3123795
1.377277	0.3113703
1.378278	0.3103594
1.379279	0.309347
1.38028	0.3083335
1.381281	0.3073189
1.382282	0.3063029
1.383283	0.305284
1.384284	0.3042623
1.385285	0.3032378
1.386286	0.3022104
1.387287	0.301179
1.388288	0.3001426
1.389289	0.2991008
1.39029	0.2980534
1.391291	0.2970001
1.392292	0.2959404
1.393293	0.2948741
1.394294	0.2938007
1.395295	0.2927199
1.396296	0.2916313
1.397297	0.2905384
1.398298	0.2894414
1.399299	0.2883401
1.4003	0.2872343
1.401301	0.2861226
1.402302	0.2849999
1.403303	0.2838658
1.404304	0.2827196
1.405305	0.2815609
1.406306	0.2803899
1.407307	0.2792072
1.408308	0.2780125
1.409309	0.2768055
1.41031	0.2755859
1.411311	0.2743561
1.412312	0.2731178
1.413313	0.2718711
1.414314	0.2706159
1.415315	0.2693525
1.416316	0.2680809
1.417317	0.2668014
1.418318	0.2655143
1.419319	0.2642197
1.42032	0.262918
1.421321	0.2616076
1.422322	0.2602888
1.423323	0.2589618
1.424324	0.2576269
1.425325	0.2562856
1.426326	0.2549414
1.427327	0.2535949
1.428328	0.2522468
1.429329	0.2508977
1.43033	0.2495448
1.431331	0.2481858
1.432332	0.246821
1.433333	0.2454506
1.434334	0.2440748
1.435335	0.2426956
1.436336	0.2413137
1.437337	0.2399297
1.438338	0.2385437
1.439339	0.2371562
1.44034	0.2357738
1.441341	0.2343972
1.442342	0.2330274
1.443343	0.2316648
1.444344	0.2303087
1.445345	0.2289525
1.446346	0.2275963
1.447347	0.22624
1.448348	0.2248836
1.449349	0.2235278
1.45035	0.2221737
1.451351	0.2208213
1.452352	0.2194706
1.453353	0.2181216
1.454354	0.2167786
1.455355	0.215444
1.456356	0.2141181
1.457357	0.2128013
1.458358	0.2114938
1.459359	0.2101885
1.46036	0.2088844
1.461361	0.207581
1.462362	0.2062782
1.463363	0.2049759
1.464364	0.2036755
1.465365	0.2023769
1.466366	0.2010799
1.467367	0.1997842
1.468368	0.1984916
1.469369	0.1972066
1.47037	0.1959292
1.471371	0.1946596
1.472372	0.1933982
1.473373	0.1921408
1.474374	0.1908833
1.475375	0.1896254
1.476376	0.1883667
1.477377	0.1871068
1.478378	0.1858483
1.479379	0.1845922
1.48038	0.1833384
1.481381	0.1820868
1.482382	0.1808373
1.483383	0.1795923
1.484384	0.1783517
1.485385	0.1771157
1.486386	0.1758843
1.487387	0.1746564
1.488388	0.1734267
1.489389	0.1721951
1.49039	0.1709612
1.491391	0.1697247
1.492392	0.1684863
1.493393	0.1672471
1.494394	0.1660069
1.495395	0.1647655
1.496396	0.1635226
1.497397	0.1622822
1.498398	0.1610467
1.499399	0.1598163
1.5004	0.1585913
1.501401	0.157372
1.502402	0.1561532
1.503403	0.1549335
1.504404	0.1537131
1.505405	0.1524916
1.506406	0.1512691
1.507407	0.1500455
1.508408	0.1488208
1.509409	0.1475947
1.51041	0.1463673
1.511411	0.1451398
1.512412	0.1439152
1.513413	0.1426936
1.514414	0.1414752
1.515415	0.1402601
1.516416	0.1390451
1.517417	0.1378271
1.518418	0.1366058
1.519419	0.1353811
1.52042	0.1341526
1.521421	0.1329187
1.522422	0.1316785
1.523423	0.1304317
1.524424	0.1291777
1.525425	0.1279161
1.526426	0.1266482
1.527427	0.1253736
1.528428	0.1240921
1.529429	0.1228034
1.53043	0.1215065
1.531431	0.1201995
1.532432	0.1188821
1.533433	0.1175537
1.534434	0.116214
1.535435	0.1148627
1.536436	0.1134997
1.537437	0.1121245
1.538438	0.1107369
1.539439	0.1093363
1.54044	0.1079225
1.541441	0.1064949
1.542442	0.1050534
1.543443	0.1035977
1.544444	0.1021275
1.545445	0.1006444
1.546446	0.09914836
1.547447	0.09763954
1.548448	0.09611799
1.549449	0.09458414
1.55045	0.09304232
1.551451	0.091493
1.552452	0.08993664
1.553453	0.08837373
1.554454	0.08680473
1.555455	0.08523001
1.556456	0.08365019
1.557457	0.0820659
1.558458	0.08047785
1.559459	0.07888799
1.56046	0.07729793
1.561461	0.07570862
1.562462	0.07412098
1.563463	0.07253598
1.564464	0.07095647
1.565465	0.0693841
1.566466	0.06781995
1.567467	0.06626508
1.568468	0.06472056
1.569469	0.06318518
1.57047	0.06165979
1.571471	0.06014529
1.572472	0.05864251
1.573473	0.0571527
1.574474	0.05567825
1.575475	0.05422004
1.576476	0.0527789
1.577477	0.05135562
1.578478	0.04995094
1.579479	0.0485657
1.58048	0.04720047
1.581481	0.04585577
1.582482	0.04453205
1.583483	0.04323127
1.584484	0.04195445
1.585485	0.04070204
1.586486	0.03947441
1.587487	0.0382719
1.588488	0.03709068
1.589489	0.03593028
1.59049	0.03479058
1.591491	0.03367139
1.592492	0.03257325
1.593493	0.03150174
1.594494	0.03045692
1.595495	0.0294388
1.596496	0.0284473
1.597497	0.02748098
1.598498	0.02653674
1.599499	0.02561416
1.6005	0.02471275
1.601501	0.023832
1.602502	0.02297359
1.603503	0.02213895
1.604504	0.02132783
1.605505	0.02053992
1.606506	0.01977492
1.607507	0.01903107
1.608508	0.01830747
1.609509	0.0176036
1.61051	0.01691895
1.611511	0.01625298
1.612512	0.01560527
1.613513	0.01497533
1.614514	0.0143626
1.615515	0.01376655
1.616516	0.0131877
1.617517	0.0126287
1.618518	0.01208932
1.619519	0.01156936
1.62052	0.0110686
1.621521	0.01058497
1.622522	0.01011589
1.623523	0.009660875
1.624524	0.009219469
1.625525	0.008791203
1.626526	0.008378401
1.627527	0.007982254
1.628528	0.007602594
1.629529	0.007239268
1.63053	0.006892126
1.631531	0.006561069
1.632532	0.006245974
1.633533	0.005946718
1.634534	0.005663182
1.635535	0.005395242
1.636536	0.005142668
1.637537	0.004905343
1.638538	0.004683163
1.639539	0.004476024
1.64054	0.004283803
1.641541	0.004106219
1.642542	0.00394318
1.643543	0.003794581
1.644544	0.003660313
1.645545	0.003540255
1.646546	0.003434284
1.647547	0.003342257
1.648548	0.003264021
1.649549	0.003199414
1.650551	0.003148202
1.651552	0.003110166
1.652553	0.003085123
1.653554	0.003072876
1.654555	0.003073215
1.655556	0.003085847
1.656557	0.003110528
1.657558	0.003147027
1.658559	0.003195096
1.65956	0.0032549
1.660561	0.003328085
1.661562	0.003414515
1.662563	0.003514048
1.663564	0.003626539
1.664565	0.003750729
1.665566	0.003885203
1.666567	0.004029668
1.667568	0.004183826
1.668569	0.00434737
1.66957	0.004519989
1.670571	0.004701369
1.671572	0.004891189
1.672573	0.005089122
1.673574	0.005294842
1.674575	0.00550987
1.675576	0.005734191
1.676577	0.005967635
1.677578	0.006210034
1.678579	0.006460764
1.67958	0.006716016
1.680581	0.006975342
1.681582	0.007238272
1.682583	0.007504338
1.683584	0.007773718
1.684585	0.008047241
1.685586	0.008324624
1.686587	0.008605589
1.687588	0.008889861
1.688589	0.009179829
1.68959	0.009477125
1.690591	0.009781757
1.691592	0.01009376
1.692593	0.01041316
1.693594	0.01073645
1.694595	0.01106263
1.695596	0.01139151
1.696597	0.01172294
1.697598	0.01205678
1.698599	0.01239501
1.6996	0.01273763
1.700601	0.01308461
1.701602	0.01343593
1.702603	0.01379109
1.703604	0.01414843
1.704605	0.01450781
1.705606	0.01486909
1.706607	0.01523213
1.707608	0.01559676
1.708609	0.01596271
1.70961	0.01632987
1.710611	0.01669813
1.711612	0.01706737
1.712613	0.01743898
1.713614	0.0178138
1.714615	0.01819185
1.715616	0.01857313
1.716617	0.01895766
1.717618	0.01934121
1.718619	0.01972325
1.71962	0.02010352
1.720621	0.02048174
1.721622	0.02085829
1.722623	0.02123649
1.723624	0.02161634
1.724625	0.02199784
1.725626	0.02238101
1.726627	0.02276512
1.727628	0.02314881
1.728629	0.02353198
1.72963	0.0239145
1.730631	0.02429626
1.731632	0.02467593
1.732633	0.02505238
1.733634	0.02542534
1.734635	0.02579457
1.735636	0.0261598
1.736637	0.02652246
1.737638	0.02688294
1.738639	0.02724113
1.73964	0.02759694
1.740641	0.02795029
1.741642	0.02830097
1.742643	0.0286489
1.743644	0.02899402
1.744645	0.02933628
1.745646	0.02967451
1.746647	0.03000563
1.747648	0.03032932
1.748649	0.0306453
1.74965	0.03095327
1.750651	0.03125487
1.751652	0.03155202
1.752653	0.03184473
1.753654	0.03213301
1.754655	0.03241689
1.755656	0.03269508
1.756657	0.03296692
1.757658	0.03323234
1.758659	0.03349127
1.75966	0.03374363
1.760661	0.0339894
1.761662	0.03422852
1.762663	0.03446097
1.763664	0.03468672
1.764665	0.03490537
1.765666	0.03511515
1.766667	0.03531593
1.767668	0.03550761
1.768669	0.03569007
1.76967	0.03586487
1.770671	0.03603465
1.771672	0.03619957
1.772673	0.03635982
1.773674	0.0365156
1.774675	0.03666461
1.775676	0.03680522
1.776677	0.03693742
1.777678	0.03706118
1.778679	0.03717647
1.77968	0.03728649
1.780681	0.03739218
1.781682	0.03749382
1.782683	0.03759175
1.783684	0.0376862
1.784685	0.03777361
1.785686	0.03785403
1.786687	0.03792749
1.787688	0.03799402
1.788689	0.03805455
1.78969	0.03811233
1.790691	0.03816766
1.791692	0.03822088
1.792693	0.03827231
1.793694	0.03832015
1.794695	0.03836267
1.795696	0.03839991
1.796697	0.03843192
1.797698	0.03845872
1.798699	0.03848333
1.7997	0.03850708
1.800701	0.03853027
1.801702	0.0385532
1.802703	0.03857616
1.803704	0.03859557
1.804705	0.03861115
1.805706	0.03862293
1.806707	0.03863091
1.807708	0.03863567
1.808709	0.03864094
1.80971	0.03864696
1.810711	0.03865397
1.811712	0.0386622
1.812713	0.03867043
1.813714	0.03867592
1.814715	0.03867863
1.815716	0.03867853
1.816717	0.03867556
1.817718	0.03867104
1.818719	0.03866577
1.81972	0.0386598
1.820721	0.03865318
1.821722	0.03864593
1.822723	0.03863633
1.823724	0.03862398
1.824725	0.03860876
1.825726	0.03859053
1.826727	0.03856939
1.827728	0.03854921
1.828729	0.03853012
1.82973	0.03851228
1.830731	0.03849587
1.831732	0.03847992
1.832733	0.03846137
1.833734	0.03844011
1.834735	0.03841602
1.835736	0.03838898
1.836737	0.03835994
1.837738	0.0383301
1.838739	0.03829948
1.83974	0.03826809
1.840741	0.03823594
1.841742	0.0382015
1.842743	0.03816387
1.843744	0.03812298
1.844745	0.03807871
1.845746	0.03803096
1.846747	0.03798185
1.847748	0.0379315
1.848749	0.03787994
1.84975	0.03782721
1.850751	0.03777262
1.851752	0.03771273
1.852753	0.0376473
1.853754	0.03757612
1.854755	0.03749895
1.855756	0.03741639
1.856757	0.03732956
1.857758	0.03723837
1.858759	0.03714272
1.85976	0.03704251
1.860761	0.03693887
1.861762	0.03683257
1.862763	0.03672372
1.863764	0.03661241
1.864765	0.03649877
1.865766	0.03638131
1.866767	0.03625967
1.867768	0.03613382
1.868769	0.03600373
1.86977	0.0358694
1.870771	0.03573069
1.871772	0.03558757
1.872773	0.03544008
1.873774	0.03528824
1.874775	0.03513212
1.875776	0.03497192
1.876777	0.03480769
1.877778	0.03463943
1.878779	0.03446721
1.87978	0.03429209
1.880781	0.03411513
1.881782	0.03393653
1.882783	0.03375654
1.883784	0.03357538
1.884785	0.03339037
1.885786	0.03320041
1.886787	0.03300543
1.887788	0.03280537
1.888789	0.03260015
1.88979	0.03239153
1.890791	0.03217971
1.891792	0.03196476
1.892793	0.03174678
1.893794	0.03152638
1.894795	0.03130762
1.895796	0.03109084
1.896797	0.03087642
1.897798	0.03066472
1.898799	0.03045425
1.8998	0.03024267
1.900801	0.03003007
1.901802	0.02981657
1.902803	0.02960227
1.903804	0.02939001
1.904805	0.02918171
1.905806	0.02897773
1.906807	0.0287784
1.907808	0.02858409
1.908809	0.0283915
1.90981	0.02820003
1.910811	0.02800976
1.911812	0.0278207
1.912813	0.02763309
1.913814	0.0274511
1.914815	0.02727502
1.915816	0.02710513
1.916817	0.0269417
1.917818	0.02678391
1.918819	0.02662856
1.91982	0.02647561
1.920821	0.02632504
1.921822	0.02617677
1.922823	0.02603199
1.923824	0.02589177
1.924825	0.02575612
1.925826	0.02562505
1.926827	0.02549854
1.927828	0.02537491
1.928829	0.02525347
1.92983	0.02513403
1.930831	0.02501641
1.931832	0.02490039
1.932833	0.02478581
1.933834	0.02467247
1.934835	0.02456011
1.935836	0.02444847
1.936837	0.02433799
1.937838	0.02423189
1.938839	0.0241302
1.93984	0.02403293
1.940841	0.02394014
1.941842	0.02385033
1.942843	0.02376089
1.943844	0.0236716
1.944845	0.02358218
1.945846	0.0234924
1.946847	0.0234032
1.947848	0.02331526
1.948849	0.02322852
1.94985	0.0231429
1.950851	0.02305835
1.951852	0.02297476
1.952853	0.02289205
1.953854	0.02281022
1.954855	0.02272924
1.955856	0.02264893
1.956857	0.02256742
1.957858	0.02248458
1.958859	0.02240028
1.95986	0.02231437
1.960861	0.02222796
1.961862	0.02214402
1.962863	0.02206271
1.963864	0.0219842
1.964865	0.02190869
1.965866	0.02183426
1.966867	0.02175883
1.967868	0.02168232
1.968869	0.02160465
1.96987	0.02152573
1.970871	0.02144692
1.971872	0.02136881
1.972873	0.02129147
1.973874	0.02121496
1.974875	0.02113931
1.975876	0.0210605
1.976877	0.02097832
1.977878	0.0208925
1.978879	0.02080277
1.97988	0.02070931
1.980881	0.02061344
1.981882	0.02051501
1.982883	0.0204139
1.983884	0.02030996
1.984885	0.02020479
1.985886	0.02010068
1.986887	0.01999784
1.987888	0.01989642
1.988889	0.01979662
1.98989	0.01969611
1.990891	0.01959338
1.991892	0.01948834
1.992893	0.01938089
1.993894	0.01927096
1.994895	0.01916186
1.995896	0.01905446
1.996897	0.018949
1.997898	0.01884573
1.998899	0.01874436
1.9999	0.01864154
2.000901	0.01853727
2.001902	0.0184315
2.002903	0.0183242
2.003904	0.01821675
2.004905	0.01811187
2.005906	0.01800982
2.006907	0.01791089
2.007908	0.01781538
2.008909	0.01772132
2.00991	0.01762702
2.010911	0.01753246
2.011912	0.01743761
2.012913	0.01734242
2.013914	0.01724995
2.014915	0.01716141
2.015916	0.01707704
2.016917	0.01699707
2.017918	0.01692174
2.018919	0.01684731
2.01992	0.01677353
2.020921	0.0167003
2.021922	0.01662752
2.022923	0.01655574
2.023924	0.01648849
2.024925	0.01642592
2.025926	0.01636819
2.026927	0.01631542
2.027928	0.01626576
2.028929	0.01621674
2.02993	0.01616819
2.030931	0.01611998
2.031932	0.0160719
2.032933	0.01602668
2.033934	0.01598583
2.034935	0.01594942
2.035936	0.0159175
2.036937	0.01589014
2.037938	0.01586367
2.038939	0.0158373
2.03994	0.01581083
2.040941	0.01578402
2.041942	0.01575695
2.042943	0.01573335
2.043944	0.01571326
2.044945	0.01569674
2.045946	0.01568385
2.046947	0.01567348
2.047948	0.01566258
2.048949	0.01565093
2.04995	0.01563831
2.050951	0.01562447
2.051952	0.01561163
2.052953	0.0156014
2.053954	0.01559386
2.054955	0.0155891
2.055956	0.01558722
2.056957	0.01558509
2.057958	0.01558175
2.058959	0.015577
2.05996	0.01557065
2.060961	0.01556249
2.061962	0.01555436
2.062963	0.0155462
2.063964	0.01553798
2.064965	0.01552964
2.065966	0.01552117
2.066967	0.0155127
2.067968	0.0155042
2.068969	0.01549561
2.06997	0.01548689
2.070971	0.01547799
2.071972	0.01546882
2.072973	0.01545935
2.073974	0.01544959
2.074975	0.01543953
2.075976	0.01542908
2.076977	0.01541816
2.077978	0.01540678
2.078979	0.01539499
2.07998	0.0153828
2.080981	0.01537036
2.081982	0.01535827
2.082983	0.01534818
2.083984	0.01534026
2.084985	0.01533466
2.085986	0.01533141
2.086987	0.01532969
2.087988	0.01532849
2.088989	0.01532786
2.08999	0.01532789
2.090991	0.01532877
2.091992	0.015332
2.092993	0.01533836
2.093994	0.01534804
2.094995	0.01536113
2.095996	0.01537769
2.096997	0.01539213
2.097998	0.01540363
2.098999	0.01541192
2.1	0.01541684
